1 6.15388
2 12.2459
3 10.4081
4 15.4547
5 15.9446
6 20.6042
7 21.9196
8 25.9223
9 28.0984
10 31.4626
11 33.8373
12 37.3244
13 39.4378
14 42.749
15 45.0306
16 48.7154
17 50.5608
18 54.2306
19 55.9341
20 59.7927
21 61.7203
22 65.4409
23 67.671
24 70.7496
25 72.5115
26 74.4692
27 75.5692
28 80.6999
29 84.8937
30 83.7158
31 90.3209
32 90.2527
33 90.0341
34 97.9768
35 100.604
36 88.5773
37 100.965
38 105.109
39 95.8662
40 92.6479
41 114.865
42 115.139
43 117.001
44 111.525
45 127.502
46 127.984
47 114.441
48 128.371
49 130.742
50 133.227
51 133.472
52 129.22
53 137.145
54 148.105
55 139.861
56 138.169
57 131.289
58 148.165
59 147.076
60 138.362
61 135.448
62 148.185
63 147.731
64 161.506
65 149.439
