0.001 60.5
0.1009 38.7725
0.2008 29.1894
0.3007 19.0454
0.4006 29.0479
0.5005 21.8546
0.6004 18.7157
0.7003 22.419
0.8002 15.6185
0.9001 20.2697
1 2.64711
1.0999 18.2346
1.1998 14.5283
1.2997 13.7782
1.3996 9.5906
1.4995 94.933
1.5994 32.5479
1.6993 29.706
1.7992 45.0973
1.8991 62.2612
1.999 39.7191
2.0989 37.0225
2.1988 36.0922
2.2987 30.5784
2.3986 38.7642
2.4985 37.6419
2.5984 51.0397
2.6983 51.211
2.7982 65.005
2.8981 107.852
2.998 153.827
0.001 78.1005
0.1009 57.7789
0.2008 33.0218
0.3007 31.6537
0.4006 36.468
0.5005 26.2072
0.6004 14.9891
0.7003 17.8379
0.8002 11.4847
0.9001 12.1317
1 2.33651
1.0999 12.5889
1.1998 13.2097
1.2997 13.7924
1.3996 10.5176
1.4995 14.2732
1.5994 19.5181
1.6993 15.952
1.7992 27.7955
1.8991 21.3444
1.999 24.2138
2.0989 35.9621
2.1988 25.014
2.2987 43.495
2.3986 36.1882
2.4985 36.7263
2.5984 48.5029
2.6983 47.8771
2.7982 52.4452
2.8981 62.9468
2.998 139.826
