0.001 65.0547
0.1009 41.5128
0.2008 27.0093
0.3007 24.5231
0.4006 29.8798
0.5005 22.9812
0.6004 19.9334
0.7003 19.4033
0.8002 14.3051
0.9001 14.7304
1 2.65948
1.0999 12.7027
1.1998 15.478
1.2997 13.0192
1.3996 21.2764
1.4995 18.889
1.5994 23.3778
1.6993 17.2967
1.7992 26.2878
1.8991 30.3227
1.999 25.7714
2.0989 23.8658
2.1988 45.7416
2.2987 38.0476
2.3986 58.2375
2.4985 56.685
2.5984 62.555
2.6983 55.4249
2.7982 80.7209
2.8981 84.8133
2.998 204.299
0.001 69.3154
0.1009 54.7006
0.2008 39.8609
0.3007 27.263
0.4006 34.619
0.5005 30.9076
0.6004 30.0127
0.7003 18.4686
0.8002 21.1671
0.9001 9.96955
1 2.62222
1.0999 20.539
1.1998 28.9561
1.2997 16.9924
1.3996 34.5126
1.4995 27.3255
1.5994 24.0384
1.6993 17.6877
1.7992 33.3889
1.8991 26.0322
1.999 39.8683
2.0989 23.42
2.1988 32.9694
2.2987 38.3499
2.3986 39.3703
2.4985 34.0081
2.5984 51.8439
2.6983 40.6768
2.7982 59.5761
2.8981 55.1415
0.001 69.5222
2.998 152.543
0.1009 47.34
0.2008 41.7374
0.3007 25.7528
0.4006 29.3067
0.5005 25.866
0.6004 23.844
0.7003 21.2777
0.8002 17.8051
0.9001 10.5401
1 2.40001
1.0999 16.427
1.1998 13.3689
1.2997 14.0857
1.3996 14.4925
1.4995 19.1137
1.5994 13.3167
1.6993 18.0825
1.7992 25.9295
1.8991 27.3009
1.999 24.446
2.0989 37.8639
2.1988 32.8379
2.2987 32.2044
2.3986 40.3835
