0.001 7.1127
0.1009 5.89361
0.2008 5.59369
0.3007 6.28331
0.4006 6.34914
0.5005 5.90937
0.6004 6.14127
0.7003 6.03615
0.8002 5.52265
0.9001 6.89961
1 1.8587
1.0999 5.55325
1.1998 3.92992
1.2997 5.56264
1.3996 3.01991
1.4995 9.83994
1.5994 4.72609
1.6993 7.2805
1.7992 6.11598
1.8991 10.444
1.999 5.42248
2.0989 5.65032
2.1988 5.61956
2.2987 5.84099
2.3986 6.42097
2.4985 5.87229
2.5984 6.14998
2.6983 6.76351
2.7982 7.11837
2.8981 6.37114
2.998 6.81373
0.001 6.57047
0.1009 5.88394
0.2008 5.62661
0.3007 6.26782
0.4006 6.273
0.5005 5.97412
0.6004 5.83106
0.7003 5.88866
0.8002 5.03644
0.9001 5.15182
1 1.39138
1.0999 5.24777
1.1998 5.46827
1.2997 5.45318
1.3996 3.02346
1.4995 2.67442
1.5994 5.97549
1.6993 5.75533
1.7992 6.20022
1.8991 6.25279
1.999 6.23089
2.0989 5.63235
2.1988 5.61298
2.2987 5.62371
2.3986 5.9012
2.4985 5.88322
2.5984 6.1363
2.6983 6.1244
2.7982 6.4146
2.8981 6.364
2.998 6.42948
