0.001 6.63515
0.1009 5.89698
0.2008 5.63022
0.3007 6.272
0.4006 6.27916
0.5005 5.99678
0.6004 6.00593
0.7003 5.987
0.8002 5.47455
0.9001 5.50737
1 1.7699
1.0999 5.3691
1.1998 5.43147
1.2997 5.40933
1.3996 5.99295
1.4995 5.98819
1.5994 5.96692
1.6993 5.98782
1.7992 6.26405
1.8991 6.30896
1.999 6.26578
2.0989 5.6487
2.1988 5.64433
2.2987 5.64845
2.3986 5.85937
2.4985 5.88887
2.5984 6.12639
2.6983 6.15953
2.7982 6.45117
2.8981 6.36987
2.998 6.82358
0.001 7.59894
0.1009 5.95443
0.2008 5.64364
0.3007 6.30355
0.4006 6.27979
0.5005 7.13086
0.6004 6.17408
0.7003 5.99562
0.8002 5.8135
0.9001 5.5545
1 1.82623
1.0999 6.86354
1.1998 6.88872
1.2997 5.50255
1.3996 7.06155
1.4995 4.38604
1.5994 5.32568
1.6993 6.01511
1.7992 6.32303
1.8991 6.29139
1.999 7.17339
2.0989 6.26135
2.1988 6.61095
2.2987 5.68477
2.3986 5.90815
2.4985 6.94877
2.5984 6.51015
2.6983 7.00433
2.7982 6.88496
2.8981 6.61925
0.001 5.47712
2.998 6.10457
0.1009 6.62892
0.2008 6.26679
0.3007 6.75739
0.4006 6.35958
0.5005 6.18043
0.6004 6.05456
0.7003 6.02824
0.8002 5.5938
0.9001 5.50838
1 1.8412
1.0999 5.51675
1.1998 5.42881
1.2997 5.42467
1.3996 6.03013
1.4995 5.99993
1.5994 6.03963
1.6993 6.0355
1.7992 7.07936
1.8991 7.07282
1.999 6.24573
2.0989 6.20493
2.1988 5.63223
2.2987 5.62622
2.3986 5.89523
