0.001 68.6593
0.1009 29.3145
0.2008 25.3566
0.3007 20.3958
0.4006 21.6385
0.5005 16.2368
0.6004 19.8363
0.7003 18.8696
0.8002 10.51
0.9001 14.0196
1 1.8818
1.0999 11.5885
1.1998 10.7524
1.2997 8.19908
1.3996 7.14678
1.4995 17.4789
1.5994 15.4158
1.6993 12.3805
1.7992 49.6961
1.8991 19.571
1.999 33.5021
2.0989 31.3808
2.1988 31.9025
2.2987 24.9387
2.3986 31.6705
2.4985 30.8706
2.5984 37.8411
2.6983 40.9872
2.7982 62.2185
2.8981 59.5164
2.998 135.8
0.001 79.3371
0.1009 37.801
0.2008 33.2467
0.3007 21.1522
0.4006 27.3479
0.5005 18.1233
0.6004 6.56519
0.7003 11.8196
0.8002 8.01266
0.9001 7.26688
1 1.5053
1.0999 9.69125
1.1998 8.76004
1.2997 8.58619
1.3996 2.37268
1.4995 1.6724
1.5994 13.1679
1.6993 13.9552
1.7992 17.4194
1.8991 14.0876
1.999 12.9476
2.0989 16.4499
2.1988 22.6241
2.2987 20.1279
2.3986 32.4264
2.4985 30.4722
2.5984 35.5793
2.6983 42.4523
2.7982 27.8773
2.8981 50.2411
2.998 125.618
