0.001 71.426
0.1009 30.0762
0.2008 24.2214
0.3007 20.8349
0.4006 19.5113
0.5005 14.6384
0.6004 14.6299
0.7003 15.4963
0.8002 10.9881
0.9001 11.2707
1 1.68728
1.0999 11.5588
1.1998 10.9127
1.2997 11.1596
1.3996 14.3103
1.4995 15.5604
1.5994 14.9425
1.6993 15.0803
1.7992 18.6233
1.8991 22.0785
1.999 18.9634
2.0989 29.3003
2.1988 29.8302
2.2987 29.5002
2.3986 35.3174
2.4985 35.7107
2.5984 40.7683
2.6983 39.5479
2.7982 47.3219
2.8981 62.5737
2.998 143.972
0.001 80.0865
0.1009 40.3253
0.2008 32.2262
0.3007 19.5857
0.4006 25.8145
0.5005 14.3273
0.6004 20.5928
0.7003 13.1474
0.8002 11.5964
0.9001 11.528
1 1.57466
1.0999 17.5672
1.1998 18.8467
1.2997 11.3477
1.3996 16.1948
1.4995 23.7471
1.5994 17.0482
1.6993 19.5683
1.7992 22.2294
1.8991 20.3099
1.999 23.3863
2.0989 24.9903
2.1988 30.2114
2.2987 27.0613
2.3986 28.4099
2.4985 36.8767
2.5984 39.718
2.6983 39.3055
2.7982 45.1937
2.8981 57.8903